0	10	21.2	0	9.9	15.5	0	5.4	108.8	0	4.5	105.8								
5.095	10	14.2	5.031	10	14.5	9.195	5.5	105.1	11.842	4.3	119.2								
10.203	10	15.4	10.252	9.8	14.2	19.226	5	202.8	21.459	5.5	118.7								
15.314	10	12.4	15.581	9.6	13.7	31.316	4.2	237.3	31.91	4.8	191.9								
20.435	10	13.2	21.097	9.3	18.1	42.22	4.9	202.8	42.744	4.7	409.1								
25.553	10	14.6	26.108	10.1	14.5	54.107	4.4	157.2	54.728	4.2	3168.3								
30.669	10	14.7	31.625	9.4	17.6	66.205	4.2	158.3	66.634	4.3	6343.8								
35.763	10	13.3	37.066	9.4	16.4	75.576	5.5	151.3	80.129	3.8	7841.3								
40.885	10	13.7	42.097	10	14.4	88.816	3.9	180	102.244	2.3	14165.7								
46.013	9.9	14.7	47.825	8.9	17.5	98.969	5	164.4	121.274	2.7	26712.9								
51.103	10	13.4	54.273	7.8	16.4	110.181	4.6	154.7	141.094	2.6	34649.8								
56.223	10	14.9	59.988	8.8	14.5	120.387	5	181.6	159.217	2.8	43283.9								
61.339	9.9	16.3	66.437	7.8	14.5	131.759	4.5	150.7	169.302	5.1	47572.9								
66.44	10	14.6	71.628	9.8	13.9	140.952	5.5	188.6	177.162	6.5	46322								
71.558	10	14.3	76.306	11.1	14.5	152.845	4.3	171.5	183.706	7.8	41195.2								
76.665	10	16.6	82.654	7.9	14.4	162.434	5.3	224	190.024	8.1	37923.4								
81.786	10	15	90.338	6.7	17.3	173.62	4.5	279.3	196.369	8	32624.9								
86.903	10	15.2	97.82	6.8	16.3	183.878	5	428.5	202.958	7.7	28343.3								
92.006	10	14.5	104.618	7.5	14.8	193.142	5.5	309.2	209.397	7.9	24137.9								
97.111	10	14.5	112.217	6.7	16.4	202.893	5.2	361.9	215.822	7.9	19674.9								
102.233	10	11.9	119.371	7.2	14.1	216.07	4	159.2	222.278	7.9	16023.4								
107.343	10	16.1	126.214	7.4	15.3	227.263	4.5	170.1	230.027	6.6	13830.5								
112.444	10	16.1	132.834	7.7	16	238.497	4.5	161.2	238.741	5.9	12507.5								
117.555	10	13.2	139.348	7.7	16	249.389	4.6	178.2	247.3	6	11994.3								
122.658	10	13	146.241	7.5	16.2	260.892	4.4	224.7	255.646	6.1	10404.5								
127.773	10	14.9	154.099	6.4	16	271.425	4.8	286.6	262.148	7.8	8112.4								
132.883	10	15.5	160.027	8.7	13.7	281.492	5.1	322.2	268.54	8	5214								
137.993	10	14.1	166.386	8.1	15.6	291.567	5.1	526.1	275.558	7.3	1373.8								
143.103	10	15	172.108	8.8	16.2	300.473	5.7	591.3	287.258	4.3	177.6								
148.217	10	13.8	176.736	11	16.6	310.104	5.3	196	298.74	4.4	135.4								
153.325	10	14	181.063	11.7	14	321.317	4.5	167.6	309.784	4.6	202.6								
158.433	10	14.4	184.878	13.3	14.7	333.454	4.3	147	319.25	5.4	404.7								
163.543	10	13.9	189.273	11.7	16.1	344.209	4.7	163.2	328.24	5.7	589.3								
168.672	10	13.8	193.027	13.4	17.9	353.923	5.2	396.3	337.853	5.3	343.4								
173.774	10	13.7	196.702	13.7	15.4	365.746	4.3	252.8	348.836	4.6	248.2								
178.894	10	13.8	200.49	13.6	14.7	374.894	5.6	917.1	359.789	4.7	160.2								
184.006	10	14.3	204.476	12.7	12.7	384.784	5.1	354.7	372.098	4.1	141.6								
189.113	10	14.7	208.639	12.4	14.2	394.75	5.1	602.9	381.475	5.4	184.6								
194.216	10	13.8	212.939	12	15.9	404.91	5	296.1	393.058	4.4	289.1								
199.327	10	14.4	217.455	11.4	14.2	414.53	5.3	170.8	403.206	5	523.8								
204.453	10	14.9	221.251	13.2	16.9	424.491	5.1	167.2	414.128	4.7	272.3								
209.554	10	16.8	225.135	13.3	17.3	434.515	5.1	202.7	425.811	4.3	236.4								
214.674	10	14.1	229.499	11.7	15	445.591	4.6	230.1	435.604	5.2	154.1								
219.786	10	13.6	233.925	11.7	16.4	455.435	5.2	364.1	444.949	5.4	144.7								
224.906	10	15.4	239.45	9.3	18.5	465.504	5.1	597.8	456.611	4.3	144.3								
230.013	10	15.2	243.781	11.7	14.2	476.747	4.5	288.5	467.778	4.6	184								
235.12	10	14	248.623	10.5	15.7	489.139	4.1	292.8	476.905	5.6	453.7								
240.225	10	15.6	253.546	10.2	15.1	501.149	4.2	1123.1	485.471	6	625.9								
245.354	10	13.8	258.543	10.3	16.4	512.994	4.3	3977.6	495.663	5	321.2								
250.491	9.9	14.6	263.235	10.8	15.7	531.297	2.8	9512.6	509.219	3.8	223.9								
255.563	10	14.3	267.202	12.7	14.9	550.564	2.7	17918.8	520.206	4.6	158.9								
260.674	10	13.5	271.35	12.4	15	568.324	2.9	25837.9	531.149	4.6	184.8								
265.815	9.9	14.5	275.141	13.6	13.8	585.413	3	33529.2	541.149	5.1	160.9								
270.901	10	14.6	278.926	13.6	15.9	594.731	5.5	36166.6	552.414	4.5	321.9								
276.027	9.9	16.2	283.857	10.3	15.5	603.603	5.7	35781.4	563.818	4.4	374.6								
281.129	10	14.3	289.388	9.3	13.7	612.465	5.8	34832.5	574.989	4.5	336.9								
286.232	10	13.5	294.962	9.2	15.6	621.375	5.7	33977.9	584.711	5.2	307.6								
291.343	10	16	299.843	10.6	14.4	630.182	5.8	33207.4	595.794	4.9	176.2								
296.491	9.9	13	304.909	10.1	17.1	638.957	5.8	31489.2	606.45	4.8	161.8								
301.574	10	14.8	310.134	9.7	15.6	647.954	5.7	28945.5	614.85	6	151								
306.695	10	13.2	315.496	9.5	14.5	657.156	5.5	26781.6	625.174	4.9	156.9								
311.798	10	13.5	320.432	10.2	18.4	666.031	5.7	25894.9	635.449	5	319								
316.913	10	12.6	325.668	9.8	15	675.046	5.7	25110.6	646.884	4.5	310.2								
322.024	10	14.3	331.271	9.1	16.4	683.916	5.8	23250.8	656.673	5.2	362.8								
327.143	10	14.5	336.055	10.6	15.5	692.78	5.7	21438.5	666.372	5.2	333.3								
332.256	10	15.3	341.445	9.5	13.4	701.75	5.7	19558.3	676.224	5.2	311.5								
337.358	10	13.7	346.64	9.8	15.3	710.608	5.8	18239.5	685.34	5.6	154.1								
342.463	10	14.4	352.092	9.4	16.7	719.519	5.7	17948.1	698.262	4	138.8								
347.633	9.9	12.9	357.104	10	15.4	728.399	5.8	17315.5	709.035	4.7	162.1								
352.71	9.9	16.1	362.402	9.5	15.6	737.242	5.8	15357.5	719.765	4.8	219.6								
357.813	10	14	367.603	9.7	15.2	746.131	5.7	14720.1	731.615	4.3	266								
362.963	9.9	12.9	373.582	8.6	15.3	755.094	5.7	14232.8	744.493	3.9	324.7								
368.033	10	12.5	378.779	9.7	13.9	763.997	5.7	13532.5	754.048	5.3	410.9								
373.143	10	15.1	383.555	10.6	13.7	772.845	5.8	11619.3	764.852	4.7	216.2								
378.249	10	13.5	388.877	9.5	15.2	781.823	5.7	9983.2	774.9	5	152.7								
383.362	10	14.2	394.232	9.6	15.7	790.535	5.9	8330.6	786.419	4.4	169.2								
388.496	9.9	12.6	399.284	10.1	16.8	799.366	5.8	6371.7	796.796	4.9	161.4								
393.583	10	13.3	404.366	10	15.6	808.217	5.8	4841.5	807.33	4.8	287.4								
398.712	9.9	13.3	409.47	10.1	13.5	816.409	6.2	3208.7	816.912	5.3	274.8								
403.809	10	13.2	414.481	10	15.6	825.298	5.7	500	827.443	4.8	305.6								
408.941	9.9	12.3	419.688	9.8	14.2	836.891	4.4	152.5	836.319	5.7	307.4								
414.039	10	13.9	424.988	9.7	16.5	850.298	3.8	220.3	844.95	5.9	555								
419.154	10	14.4	430.209	9.8	13.8	862.142	4.3	452.1	854.974	5.1	183.9								
424.273	10	15.8	435.276	10.1	15	873.322	4.5	320	863.833	5.8	165.7								
429.393	9.9	14.8	440.605	9.6	16.9	882.29	5.7	860.6	873.813	5.1	152.8								
434.532	9.9	13.1	445.647	10.2	14.2	891.327	5.6	941.9	887.401	3.7	162.7								
439.604	10	14.8	450.827	9.7	13.6	900.885	5.3	429.5	898.196	4.7	215.9								
444.734	10	14.7	456.067	9.6	13.9	910.892	5.1	611.1	909.461	4.6	264.8								
449.857	9.9	12.7	461.2	10.2	14.3	920.46	5.3	335.3	919.997	4.8	344.1								
454.95	10	13.6	466.888	9	15.5	931.733	4.7	313.4	929.65	5.3	294.2								
460.076	9.9	15.1	471.952	10	15.5	942.671	4.6	214	939.835	5	208.7								
465.196	10	14.6	477.241	9.7	13.2	953.854	4.5	185	950.078	4.9	166.1								
470.293	10	14.7	482.246	10.2	15.9	964.977	4.5	194.2	960.118	5	158								
475.414	10	15.1	487.64	9.4	16.8	974.403	5.4	404.8	971.419	4.5	154.2								
480.523	10.1	14.6	492.662	10	14.5	984.381	5.1	375.9	982.5	4.6	208.8								
485.638	10	13.6	498.051	9.4	13.9	994.421	5.2	430.5	993.315	4.7	290.5								
490.747	10	14.2	504.307	8.2	15.6	1004.915	5.1	506.8	1004.275	4.6	362.1								
495.846	10	14.2	510.521	8.3	16.3	1014.082	5.6	505.8	1015.913	4.4	287.8								
500.963	10	14	516.478	8.5	15.8	1023.865	5.2	368.4	1025.769	5.2	293.6								
506.078	10	14.3	523.241	7.5	15.1	1036.12	4.1	232.7	1036.4	4.8	150.7								
511.187	10	14.4	529.917	7.6	17.1	1044.858	5.8	482.9	1047.389	4.6	168.3								
516.293	10	13.7	536.9	7.3	14.8	1055.887	4.6	301.4	1056.886	5.3	172.4								
521.423	9.9	14.4	544.082	7.1	14.2	1065.675	5.2	318	1068.676	4.3	169.4								
526.513	10	14.2	550.547	7.8	15.2	1076.715	4.6	157.3	1077.311	5.9	815.7								
531.623	10	14.7	557.628	7.4	13.6	1086.834	5	157.8	1087.733	4.9	306.7								
536.743	10	13.7	563.909	8	16.7	1097.235	4.9	184.7	1097.904	5.1	272.8								
541.84	10	14	571.219	7	16.5	1109.821	4	242.1	1106.86	5.7	410.8								
546.954	10	11.8	577.832	7.7	17.2	1121.415	4.4	341.5	1116.018	5.6	391.6								
552.058	10	14	585.331	6.7	14.8	1133.052	4.4	297.8	1124.549	5.9	156.4								
557.176	10	11.9	590.62	9.5	13.1	1143.098	5.1	732.6	1134.058	5.3	154.4								
562.289	10	14.6	596.174	9.3	16.1	1152.058	5.7	809.3	1146.622	4.2	151.2								
567.397	10	16.3	600.975	10.5	17.3	1161.696	5.3	417.1	1158.022	4.4	178.2								
572.503	10	13.9	605.303	11.7	14.4	1170.61	5.7	1090.8	1170.598	4.1	244.2								
577.613	10	14	610.293	10.4	14.8	1180.255	5.3	347.4	1181.857	4.5	251.7								
582.729	10	12.9	614.787	11.4	14.7	1189.761	5.4	302	1192.918	4.6	248.6								
587.854	10	14.1	619.146	11.6	17.8														
592.963	10	13.7	623.894	10.6	16.3														
598.094	9.9	13.3	628.599	10.7	14.6														
603.189	10	14.7	633.638	10.1	16.5														
608.333	9.9	14.1	638.369	10.6	15.9														
613.423	10	12.9	642.878	11.4	15.9														
618.55	10	14.2	647.999	10.1	16.9														
623.643	10	15.9	652.914	10.5	15.7														
628.794	9.9	15.1	657.442	11.2	15.9														
633.864	10	12.2	662.297	10.5	14.6														
638.973	10.1	15.9	666.836	11.5	14.3														
644.096	10	15.2	671.542	11	17														
649.203	10	13.3	676.42	10.5	19														
654.343	9.9	13	681.284	10.7	16.6														
659.431	10	13.4	685.404	12.5	14.6														
664.562	10	13.9	690.077	11	15.2														
669.654	10	14.5	695.641	9.3	17														
674.779	10	20.9	700.621	10.2	14.5														
679.893	10	14.7	705.468	10.5	16.2														
685.011	10	15.2	710.701	9.8	14.2														
690.123	10	16.9	715.507	10.8	17														
695.242	10	13.4	720.619	9.9	15.8														
700.342	10	15.5	725.499	10.7	16.1														
705.463	10	14.7	730.558	9.9	16.4														
710.575	10	14.7	735.902	9.4	17														
715.685	10	14.9	741.118	9.6	15.7														
720.802	10	13.4	746.665	9.3	17.5														
725.913	10	14.1	751.253	11.1	14.6														
731.023	10	13.4	755.965	11	15.7														
736.148	10	13.4	760.541	11	14.6														
741.274	10	14.4	765.704	9.9	15.5														
746.385	10	15.3	770.381	11.1	16.3														
751.49	10	14.2	774.814	11.7	15.6														
756.613	10	14.1	780.103	9.7	15.8														
761.724	10	11.9	785.24	10	14.6														
766.833	10	14.4	789.838	11.3	13.7														
771.94	10	17.7	794.585	10.7	14.8														
777.071	10	16	799.536	10.2	12.8														
782.163	10	15.7	804.168	11	17.8														
787.286	10	14.6	808.699	11.4	15.8														
792.393	10	14.9	813.908	9.8	15.6														
797.502	10	15.8	818.489	11	18														
802.613	10	12.4	822.499	12.8	16.8														
807.734	10	14.6	827.493	10.3	14.7														
812.859	9.9	13.8	832.632	9.8	15.9														
817.951	10	15.1	837.636	10	16.4														
823.067	10	14.4	843.216	9.1	15.6														
828.188	10	15.1	848.316	9.8	16.7														
833.286	10.1	12.7	853.518	9.9	15														
838.413	9.9	14.4	858.692	9.7	17.9														
843.508	10	14.6	863.988	9.7	16.1														
848.629	10	12.5	869.288	9.6	16.9														
853.734	10	12.7	874.198	10.3	13.5														
858.859	10	15.6	879.688	9.4	15.5														
863.957	10	12.7	884.981	9.5	15.9														
869.062	10	13.6	890.233	9.5	16.2														
874.171	10	14.2	895.503	9.7	13.8														
879.288	10	13.6	900.408	10.4	14.2														
884.408	10	16.5	905.654	9.8	14.9														
889.509	10	14.2	910.966	9.6	15														
894.623	10	13.6	916.494	9.3	15.7														
899.733	10	14.5	921.36	10.4	15.8														
904.85	10	14.3	926.632	9.6	14.9														
909.945	10	14.3	931.908	9.6	14.3														
915.058	10	13.2	936.881	10.2	15.6														
920.173	10	13.9	942.226	9.6	14.9														
925.285	10	13.7	947.553	9.6	14.4														
930.393	10	15.8	953.019	9.4	14.4														
935.505	10	12	958.29	9.7	14.6														
940.624	10	15.8	963.463	9.9	14														
945.733	10	13.5	968.634	9.9	14.6														
950.844	10	16.3	973.705	10.1	15.2														
955.949	10	13.6	979.018	9.7	15.7														
961.064	10	13.5	984.838	8.8	14.6														
966.179	10	13.6	989.735	10.2	15.8														
971.294	10	14.1	995.069	9.6	13.7														
976.417	10	14.6	1000.383	9.6	15														
981.504	10	13.5	1005.565	10	14.1														
986.631	10	14.6	1010.854	9.7	15.6														
991.739	10	14.6	1015.956	10.1	17.8														
996.868	9.9	13.7	1021.384	9.2	15.3														
1001.956	10	14.2	1026.516	10.1	15.7														
1007.064	10	14.2	1031.44	10.4	16														
1012.191	9.9	14.2	1036.713	9.7	14.4														
1017.33	9.9	13.5	1042.488	9.2	14.3														
1022.432	9.9	13.3	1047.739	9.7	17.2														
1027.513	10	14.1	1052.562	10.6	13.6														
1032.637	9.9	13.8	1057.777	9.9	15.2														
1037.736	10	12.3	1062.983	9.7	14														
1042.849	10	14.7	1068.239	9.7	14.7														
1047.965	10	13.6	1073.136	10.3	15.1														
1053.073	10	13.7	1078.928	8.7	15.5														
1058.183	10	14.3	1083.384	11.7	17														
1063.312	10	13.1	1088.524	10	15														
1068.41	10	16.2	1093.667	9.9	16.2														
1073.521	10	13.3	1099.09	9.2	15.7														
1078.624	10	14.4	1104.318	9.6	17.1														
1083.753	10	14.4	1109.593	9.7	17.8														
1088.859	10	13.4	1114.611	10.3	16.1														
1093.973	10	11.7	1119.856	9.8	16.8														
1099.083	10	12.4	1124.725	10.6	15.4														
1104.187	10	13.5	1129.948	9.8	14.9														
1109.294	10	15.3	1135.122	9.8	18.2														
1114.404	10	15	1140.681	9.2	14.2														
1119.509	10	12.6	1145.77	9.9	14.9														
1124.62	10	12.6	1151.338	9.2	14.3														
1129.741	10	12.5	1156.317	10.2	15.9														
1134.848	10	13.9	1161.201	10.3	15														
1139.964	10	13.1	1166.946	8.7	16.5														
1145.074	10	12.5	1172.405	9.3	16.5														
1150.181	10	15.5	1176.901	11.2	15.5														
1155.297	10	13.5	1182.148	9.8	14.6														
1160.407	10	13.8	1187.148	10.3	15.2														
1165.524	10	12.9	1192.289	10.1	16.3														
1170.638	10	14.2	1197.546	9.6	14														
1175.756	9.9	15.3																	
1180.874	10	13.8																	
1185.978	10	14.4																	
1191.085	10	16.2																	
1196.191	10	14.2																	
